141
770
546
495
121
881
441
511
740
866
280
530
606
126
152
199
961
955
367
270
540
637
912
190
296
512
129
390
712
251
883
564
304
438
549
651
728
813
123
643
358
453
496
836
947
783
114
668
860
515
549
940
198
535
363
115
382
703
298
273
671
615
582
940
973
759
769
331
466
934
880
561
263
322
384
513
166
359
273
605
117
807
185
690
370
256
532
756
772
220
750
540
336
741
586
326
381
303
375
759
890
947
559
376
341
241
955
930
199
469
900
152
102
454
218
166
421
291
307
642
772
806
882
689
819
718
358
134
960
359
925
375
467
197
857
568
416
465
866
300
333
138
811
750
613
872
593
127
244
700
121
902
188
998
841
785
351
410
603
525
718
239
678
603
825
667
941
913
280
506
931
765
513
334
903
440
270
390
181
600
590
665
949
262
333
510
536
874
530
311
872
339
558
510
351
780
507
982
595
555

  AVG of above 200 random numbers : 537.405
STDEV of above 200 random numbers: 256.346
