418
532
476
776
496
594
741
421
958
489
428
223
661
888
222
476
197
360
121
730
133
751
366
728
530
653
294
615
933
548
111
739
488
702
880
592
555
826
107
639
963
711
718
761
218
680
624
381
136
577
882
144
950
217
165
534
905
557
145
600
429
611
991
938
459
546
167
310
331
321
630
844
866
310
225
855
687
881
557
735
912
121
450
960
364
470
133
924
643
672
415
433
845
695
342
761
654
615
906
294
298
618
685
968
308
864
234
508
920
566
676
522
470
954
185
582
693
217
433
556
583
942
133
574
321
131
259
642
403
154
956
552
850
498
260
403
593
477
757
842
717
224
754
190
420
500
380
395
739
643
509
128
735
333
497
267
889
892
319
880
368
330
138
980
264
644
587
577
433
978
368
820
334
978
537
588
642
441
954
933
459
336
886
531
109
466
694
772
661
758
809
703
915
636
803
218
176
985
379
250
number average: 555
the STD is: 252.244
